0 379 726 485 897
1 509 728 611 907
2 628 731 755 920
3 764 729 901 927
4 905 727 1058 938
5 1050 726 1207 935
6 1314 758 1504 927
7 1452 762 1634 917
8 1657 761 1825 896
9 1782 758 1913 883
10 573 518 648 628
11 669 524 746 623
12 758 525 846 635
13 862 544 949 636
14 954 549 1052 636
15 1049 546 1154 637
16 650 466 718 559
17 732 461 802 561
18 809 466 892 570
19 895 471 980 565
20 980 474 1073 571
21 1061 489 1169 576
22 901 414 968 466
23 968 415 1038 470
24 913 374 968 423
25 975 374 1034 425
26 1097 407 1166 467
27 144 740 236 869
